$ANSIBLE_VAULT;1.1;AES256
34333132643166386665356163616530373931303239376337363939353764656462313763363961
3463623535366135326339373837376164313738383430360a383131353563313364636639346331
65316264363538316465653932336231663165316333346335623838346332353762336564396330
3734346634623730310a343566633630326337376461333462623661616234623237626430303964
61346533313038666366393132353265336165653062653638383431346631326465356239386236
63336265383439396264313863366437666163376364306265393934363861363063643138626632
36653132636630626632356164626236383736353766666132653961323136373635336431653931
61323766336136393262313039303535386538656337313736323664613064623161633734356636
64663433616639303430343233356666636430386639316365623666343761333533646464643332
34396165613438336364383931343232366635343361326462326339366564363237383363333131
37633037396362626262653430636131353161363062356461383133623335666335613935376265
33326661366133646164363965356330616339303634613332376565656135383036343265333561
38633432366436666131353362616165633462623234316262343663393064656266316636653136
36376539653564633431616165363561656335356162366338363438323436633038663533623663
64646638376339363563366338396430636237316264393661313861356437356561646363386564
36373462353738366466653338313662356333323934313938366563396237613861653565653830
32343763313662393861343234343665306464343230396239646237326565373966623033626338
63356137316631656566643766353537313930616131393236313863613037643738316562326137
61343363343139333962386232653866336438323266623633663233326436643630306235626161
35643262353961633964393838313966346461333564623666343132616563656431333731383335
36313434356533663166303663613161376532613538616462353930353831313636643566323238
66353862646631643366393733646332353262386263386665373733623939353562663832393066
66653736376436366261393833626135333137366234306133316233663334316633663339373934
35643961313966653263363366313162613033303932653734353732383962373038663431613265
3364
